01111100000000000000001111111111000011111111111111111111011111111111111111111111111111111111 11
00111011111111111111111111111111000111111111111111111111011111111111111111111111111111111111 11
01110011111111111111111011111111001111111111101111111111011111111111111111111111111111111111 11
00100000000000000000011011111111011111111111101111111111011111111111111111111111111111111111 11
01100100000000000000111011111111010111111111101111111111111111111111111111111111111111111111 11
00110000000000000001111011111111101111111111101111111111111111111111111111111111111111111111 11
01110000000000000011111111111111101111111111111111111111011111111111111111111111111111111111 11
00111111111111111011111111111111101111111111111111111111011111111111111111111111111111111111 11
01101111111111111011111111110111111111111111111111111111011111111111111111111111111111111111 11
00111111111111111011111111110111111111111111111111111111011111111111111111111111111111111111 11
01111111111111111111111111110111111111111111111111111111111111111111111111111111111111111111 11
00111111111111111111111111110111111111111111111111111111111111111111111111111111111111111111 11
11111111111111111111111111111111111111111111111111111111111111111111111111111111111111111111 11
10111111111111111111111111111111111111111111111111111111111111111111111111111111111111111111 11
11111111111111111111111111111111111111111111111111111111111111111111111111111111111111111111 11
10111111111111111111111111111111111111111111111111111111111111111111111111111111111111111111 11
